{
 "cells": [
  {
   "cell_type": "markdown",
   "id": "e5b03248",
   "metadata": {},
   "source": [
    "### 2, 3, 3.3, 5, 10"
   ]
  },
  {
   "cell_type": "code",
   "execution_count": 5,
   "id": "a3b0d96f",
   "metadata": {},
   "outputs": [
    {
     "name": "stdout",
     "output_type": "stream",
     "text": [
      "          fixed      ag     oof   stack      rf  cb_only\n",
      "fixed    1.0000  0.9988  0.9966  0.9980  0.9584   0.9959\n",
      "ag       0.9988  1.0000  0.9966  0.9984  0.9592   0.9960\n",
      "oof      0.9966  0.9966  1.0000  0.9973  0.9591   0.9994\n",
      "stack    0.9980  0.9984  0.9973  1.0000  0.9599   0.9963\n",
      "rf       0.9584  0.9592  0.9591  0.9599  1.0000   0.9555\n",
      "cb_only  0.9959  0.9960  0.9994  0.9963  0.9555   1.0000\n"
     ]
    }
   ],
   "source": [
    "import pandas as pd\n",
    "import numpy as np\n",
    "from scipy.stats import rankdata\n",
    "import os\n",
    "\n",
    "BASE_DIR = \"../outputs\"   # 👈 중요\n",
    "\n",
    "files = {\n",
    "    \"fixed\": \"10_FIXED_submission_CV0.740810.csv\",\n",
    "    \"ag\": \"03_submission_autogluon(0206).csv\",\n",
    "    \"oof\": \"05_submission_w0.72_CV0.740466.csv\",\n",
    "    \"stack\": \"02_submission_stacking_v1(0206).csv\",\n",
    "    \"rf\": \"03.3_seed123_CV0.744878.csv\",\n",
    "    \"cb_only\": \"05_sub_cb_only.csv\"\n",
    "}\n",
    "\n",
    "ranks = {}\n",
    "for k, fname in files.items():\n",
    "    path = os.path.join(BASE_DIR, fname)\n",
    "    df = pd.read_csv(path)\n",
    "    ranks[k] = rankdata(df[\"probability\"].values)\n",
    "\n",
    "keys = list(ranks.keys())\n",
    "corr = np.zeros((len(keys), len(keys)))\n",
    "\n",
    "for i, a in enumerate(keys):\n",
    "    for j, b in enumerate(keys):\n",
    "        corr[i, j] = np.corrcoef(ranks[a], ranks[b])[0, 1]\n",
    "\n",
    "corr_df = pd.DataFrame(corr, index=keys, columns=keys)\n",
    "print(corr_df.round(4))\n"
   ]
  },
  {
   "cell_type": "code",
   "execution_count": null,
   "id": "04b9e357",
   "metadata": {},
   "outputs": [],
   "source": []
  }
 ],
 "metadata": {
  "kernelspec": {
   "display_name": "fertility_ai",
   "language": "python",
   "name": "python3"
  },
  "language_info": {
   "codemirror_mode": {
    "name": "ipython",
    "version": 3
   },
   "file_extension": ".py",
   "mimetype": "text/x-python",
   "name": "python",
   "nbconvert_exporter": "python",
   "pygments_lexer": "ipython3",
   "version": "3.11.14"
  }
 },
 "nbformat": 4,
 "nbformat_minor": 5
}
